     -0.25314644	    0.0007358839	       5.8367875	       1.7034949	       5.9010465	       9.0924702	       32.010887	       51.097244	
      -0.2457576	   0.00051227814	       1.7611006	       1.4776274	      0.67870809	       9.3819408	       32.825638	       51.187492	
     -0.24701081	    0.0014144846	      0.61436202	       0.4877199	       5.6958699	       9.4265347	       32.421085	       50.403282	
     -0.24670922	    0.0014207984	       3.7872442	       2.0103373	       3.8707749	       11.334764	       30.616631	       50.288765	
     -0.24588217	    0.0032676226	      0.65934432	       0.4951501	        5.676209	       11.613455	       30.286861	       50.985561	
     -0.23985172	      0.00206892	       4.4991178	       1.3741072	       2.7148629	        10.78723	       30.097136	        50.81662	
     -0.25002351	    0.0045252231	       3.0132727	      0.85021149	       2.1023493	       10.934361	       31.301235	       53.168419	
     -0.24612531	    0.0037272371	      0.44098979	      0.85590363	       3.8840313	       10.078085	       31.113045	       52.926044	
     -0.24657379	    0.0060903183	       6.2344093	       0.3821397	       6.0587301	        10.35332	        31.91638	       53.136444	
     -0.29920155	     0.080950069	       4.4663248	        1.075241	      0.42444372	        11.96966	       32.944252	       50.776642	
      -0.2984253	     0.074777197	       5.5531719	       2.5471275	       2.7597431	       12.389319	       32.528206	       51.436111	
      -0.2525373	     0.036997411	       3.2305054	       0.7650494	       0.2180437	        11.17367	       34.252052	       52.067158	
     -0.25604812	     0.022837524	       0.4738214	      0.46499697	       2.0935928	        12.03834	       34.431038	       51.863724	
     -0.29382979	      0.79117342	       4.0749891	       3.0003059	      0.71358066	        15.86462	        33.20438	       52.991272	
      -0.2867904	      0.80629634	        2.718225	       2.1137987	      0.58835372	        15.91204	       34.103794	       52.885662	
       0.6977607	      0.13608406	       4.6749819	      0.52564633	       4.5608234	        16.79299	       33.120125	       51.333252	
      0.34294933	      0.97909782	       4.7047897	        2.366543	       1.2831373	        15.00593	        31.84626	       51.006775	
      0.35080602	      0.92707115	       3.8264086	       2.4373905	       3.8263918	       15.725849	       31.464119	       51.263306	
      0.38006645	      0.28138159	       5.4505601	      0.32586931	       4.1724046	        14.39642	       31.458876	        48.80785	
     -0.29969459	      0.21420228	       1.5419855	       2.8604895	       2.4176277	       15.906925	       30.415901	       47.495579	
     -0.30352523	      0.20257989	        2.069429	       2.5602904	       4.2766132	       16.033325	       31.277571	       47.306519	
     -0.31393179	      0.48599063	       1.8895743	       2.0624102	       4.0044338	       14.359591	       31.289656	       46.222092	
     -0.31771886	      0.46356339	       3.6254561	       1.7794654	       3.3596114	       14.376551	        30.40531	       46.204697	
     -0.31444989	      0.44482511	       1.7719109	       2.8532647	       2.6277028	        15.48641	       31.599934	       44.673782	
     -0.31089692	      0.47246269	       1.0871374	      0.62588778	      0.92589944	       15.045164	       30.839066	       44.397408	
     -0.33780922	      0.82579808	       1.0657533	       1.1769893	      0.10237573	       16.851524	        29.95414	       44.902733	
     -0.33410943	      0.82298671	       4.9388107	       1.3356223	      0.83067543	       17.151691	       30.781769	       44.614521	
     -0.33657575	      0.80747568	      0.50393775	       2.8644746	       3.7298039	       16.451923	       29.421864	       43.182991	
     -0.33859169	      0.82045871	       5.7118807	       2.3060062	       3.8932017	       17.326925	       29.412144	       43.201385	
      0.38929063	      0.85288422	       2.4578862	      0.27842964	        4.371259	       17.290184	       31.234631	        42.23188	
       0.3944802	      0.84596919	       2.1658346	       1.4887805	       4.7090907	       16.418831	       31.095541	       42.054451	
     -0.35759453	      0.92714149	       6.1979072	       2.8393894	       3.4564201	       16.689205	       29.741945	       40.715698	
     -0.35725951	      0.89267259	       5.4044818	       2.3805468	       3.8781532	        17.56831	        29.76049	       40.856102	
      0.39100291	      0.86285502	       2.5165963	      0.54481544	       4.3926113	       17.635004	         31.3391	       39.621689	
      0.39420989	      0.85412059	       2.1824639	       1.7925056	       4.9297892	       16.768845	       31.396854	       39.571762	
     -0.35742073	      0.94925053	      0.16454373	        2.789247	          3.5926	       16.684494	       29.996735	       38.123695	
     -0.36154927	      0.90525669	       5.4757071	       2.3403873	       3.7338741	        17.52973	         29.7563	       38.386471	
     -0.36088164	      0.95651506	         5.76062	       1.1145693	      0.22691258	       18.347509	       31.131475	       37.175903	
     -0.36250338	      0.96739057	        5.712733	       2.5043598	       3.3940954	       17.506414	        31.33366	       36.900726	
     -0.31497404	      0.52218133	      0.21360183	       2.8009967	       3.6589488	        17.43129	       29.735146	        35.76553	
     -0.31916353	      0.49574107	       3.9915776	      0.88927601	      0.68069401	       18.288404	       29.627516	       35.995926	
     -0.31413095	      0.41162713	       3.0963985	       1.1844715	       0.3919273	       18.620775	       31.088884	       34.593147	
     -0.31129738	      0.40798912	       4.6612202	      0.68602371	        6.165644	        17.76359	       31.088028	       34.433365	
     -0.29283984	      0.22004484	       1.8742948	       2.4357241	         4.12196	       18.798056	       29.461895	       33.464828	
     -0.29346697	      0.19945136	        3.295652	       2.0205284	       3.4184466	       18.802067	       30.161221	       32.930954	
     -0.28422322	      0.14605801	       2.8334178	      0.82710294	      0.67563403	       16.969709	        29.60631	        32.33696	
      -0.2827693	      0.15666262	       2.2310886	       1.3887771	        4.056493	         16.9119	       29.096844	       33.037994	
     -0.25256103	   0.00078830547	       5.5943346	       1.4360561	       3.2101666	        17.78021	       28.181309	       31.313829	
     -0.24825223	    0.0029638217	      0.85492884	       2.8185903	       2.9926407	       17.248316	       27.649071	       31.862316	
      -0.2527639	    0.0018270093	       1.9785586	       1.9622963	       4.2885216	       18.046925	       27.816355	        32.09227	
      0.74470914	     0.079947729	       2.9176277	       2.4996151	       6.0783164	        17.01865	       35.470314	       50.604393	
     -0.34624186	      0.51074335	       3.4554317	       2.1297325	       2.3472644	       15.329805	       36.112793	       49.225258	
     -0.35175186	      0.47814552	        1.322568	      0.83368838	       6.1585608	         15.9656	       36.765965	       49.230526	
     -0.33145962	      0.68218701	       3.5352526	      0.71428172	       3.7453373	       16.150311	       35.243305	       47.668465	
      -0.3305744	      0.69750026	        1.412822	      0.14916542	       4.6230391	       16.024376	       36.034904	       47.402733	
      -0.3475402	      0.81763776	       1.8296424	       2.5660166	        2.726997	       17.812355	       36.545967	       47.363041	
     -0.35115264	      0.82178093	       1.1590172	      0.33237095	       4.8276571	       18.099346	       35.729977	       47.652882	
       0.4339128	      0.69996476	       3.1649769	      0.93360136	      0.62081242	       17.812744	       34.967781	       45.740921	
      0.43596421	      0.70234776	       3.3404099	       1.8334963	       6.0366897	       17.506416	       35.770115	       45.471596	
      0.38339756	      0.86036583	       5.7003805	       1.1866356	       3.8652165	       19.280035	        36.38113	       45.174477	
      0.38433842	       0.8577607	       3.3202809	       1.7119487	        5.730803	        19.63773	        35.71003	       45.648537	
     -0.35561527	       0.8521895	      0.91922667	        2.880306	       5.2955183	        20.19998	       35.433952	       43.819069	
     -0.35625297	      0.84845731	       3.0965492	      0.47035708	       3.5335499	        19.84025	       34.638165	       44.200344	
       -0.316251	       0.2294559	       3.8094504	       2.1338372	       2.0735211	       18.344521	       34.670364	       43.120567	
     -0.31719461	      0.25072002	       5.4391153	        2.157826	       2.9312828	       18.576469	       35.435863	       42.714462	
     -0.28897103	      0.38820456	       3.5537004	       2.5979569	      0.53588938	        19.46512	       33.481243	       42.021744	
     -0.14474761	      0.17938676	        2.793683	      0.81145261	       3.7683382	       19.575481	       33.863605	       40.171379	
     -0.30402503	      0.54562806	       4.6687271	       1.3159004	       3.5404764	        18.50967	       35.798275	       40.044537	
     -0.29742773	      0.56100438	       3.0176026	       1.4421017	      0.92980634	       19.325626	       35.969006	       40.012856	
     -0.29691282	      0.81833285	        3.249925	       2.2285782	       0.3975929	       19.039654	       36.180023	       38.126587	
     -0.29221455	      0.78813126	       0.9366231	      0.50783421	       4.6358208	       19.509514	       35.428749	       38.144505	
      0.40259967	      0.58288295	     0.028889836	       1.0109699	      0.81526504	        17.69459	       34.453526	       37.919254	
      0.40115335	      0.59495237	       5.0951016	       2.1555668	       2.2572689	       17.464439	       35.223911	       37.547085	
       0.4204937	      0.49010525	       3.6692016	       1.8058768	        5.779602	       18.705479	       34.105911	       36.231178	
       0.4148213	      0.50591703	       5.8879441	        1.555052	       1.4273104	       17.783726	         34.1199	       36.042747	
      0.38749978	      0.65913659	       5.0218612	       1.7428851	       2.0166343	       17.998844	       35.956093	       35.320305	
      0.38624182	      0.63359143	       1.6657127	      0.51712159	       2.5355616	       18.890236	       35.848961	       35.459801	
     -0.29361271	      0.53460605	       3.2494736	       2.3360739	      0.38587152	       18.615776	       35.780602	       33.526169	
     -0.29840325	      0.55133289	      0.89916338	      0.47576493	        4.813268	       19.056316	        34.98172	       33.709229	
     -0.29023517	       0.2245485	       2.9548069	       0.5034478	       4.0802694	       17.342165	       33.990829	       33.414886	
     -0.29342187	      0.21523717	       5.2473546	       1.2981944	       3.3902466	       16.999126	       34.690178	       33.059959	
     -0.25166347	    0.0032671333	      0.96538353	       2.5381505	       5.7104109	       17.628036	       33.641045	       31.481266	
     -0.25427899	     0.010051209	       3.2129082	       1.7399546	      0.60818096	       18.215607	       34.292011	       31.448795	
     -0.24709125	     0.011771912	      0.99715588	      0.77392296	       4.9455522	        18.46933	       33.565006	       31.870102	
